{
	"Linear": 
	{
		"pca":[
			[0.3314569285565579,0.21807584110868877,0.08491205218395152,0.06112984158804952,0.05690622329333411,0.045042061715587986,0.04479390125269718,0.04035799410536375,0.02865795658555548,0.025988389213706404,0.017717343473287378,0.01480349807595841,0.010658961953320261,0.008330723205674163,0.005116700079457817,0.0037120087750284205,0.002088016863135784,2.5155291068592895E-4,2.4421030865974157E-9,1.3139409795688668E-9,8.245678683590054E-10,2.963383485439297E-10,1.830089775025461E-10],
			[0.3310286758721367,0.1702325342143311,0.08850575026135851,0.07836728113681005,0.07405796265518937,0.0605621030949733,0.043801324077201456,0.0379585037540029,0.03364321210736346,0.03020445737711394,0.014711062753606834,0.010492828692231403,0.008862637567207019,0.007284092623910841,0.004918821843123815,0.0033184943002949534,0.0018295602421476472,2.2067775283911412E-4,7.156864014515892E-9,4.556697612621151E-9,4.164364301083725E-9,2.302944844797799E-9,1.4932867794837279E-9],
			[0.2858005695554275,0.1871839470267032,0.1070070124289717,0.10362932419861343,0.06350783222983822,0.05198601725873986,0.04360612162077065,0.04082385092134016,0.034348377647092164,0.029369507812382734,0.016382421727275175,0.01087796855170398,0.0082734389462216,0.006792097133414746,0.004953081171220546,0.003450266941977154,0.0017963394735204495,2.1179893781317615E-4,7.945657783258257E-9,6.4855620850453326E-9,5.158507720681442E-9,4.024042118349568E-9,2.8032039940927617E-9],
			[0.2858005695554274,0.1871839470267034,0.10700701242897168,0.10362932419861336,0.0635078322298382,0.05198601725873993,0.04360612162077059,0.04082385092134017,0.034348377647092185,0.029369507812382723,0.016382421727275182,0.010877968551703981,0.00827343894622158,0.006792097133414734,0.004953081171220561,0.003450266941977134,0.0017963394735204528,2.1179893781317916E-4,7.945657777966667E-9,6.485562086736069E-9,5.158507698300601E-9,4.024042118226323E-9,2.803204004971389E-9],
			[0.3529858836119237,0.17111227847172805,0.09202641354846154,0.07373762759761039,0.061081280450110714,0.04950351139313639,0.04581955460611953,0.03903457228768508,0.034111629066180246,0.02988346739931925,0.014288981494284632,0.0113974879353235,0.008415875646274305,0.006800978933615274,0.004772605735587431,0.003100923955224636,0.0017205445405874343,2.0631614408778655E-4,2.2977347107192634E-8,1.7218047579727862E-8,1.294939449727734E-8,8.693642551186616E-9,5.344308639845389E-9]
		],
		"kpca":[]
	},
	"Quadratic":
	{
		"pca":[
			[0.27981803802927974,0.17605182158432642,0.08040680631233073,0.06853725173623887,0.061020967669237765,0.056905885295848044,0.048787990136997826,0.04487097403692237,0.04055123880036826,0.028657808907359108,0.0259358160540783,0.022489064711773647,0.020660075425064654,0.014125883687389937,0.00828813757065308,0.00717833560110125,0.005005709858546924,0.0043057126067989815,0.002981727462694754,0.0015788894511159898,9.984258447003076E-4,6.790285002342735E-4,1.6441071693879648E-4],
			[0.3398725158984584,0.19451177373079861,0.06979766200576822,0.06102098326861886,0.056906282487772894,0.044878624419968594,0.04343428002213987,0.0403167458990224,0.028657979235320277,0.0259358356844526,0.018929878903070192,0.01842157614100177,0.014620824458174227,0.010975141317450983,0.008085795061070798,0.007876849261731218,0.005013058481419914,0.0032301639569353364,0.00293996376097943,0.002074004477850242,0.0015976201337058033,7.207264183110584E-4,1.8171497597838175E-4],
			[0.35074721838356726,0.1779505320477334,0.07587437073285773,0.06102098412728908,0.05690652488665297,0.04524485434605885,0.0448596965710941,0.03919528798428297,0.02865840707348372,0.0259375403749099,0.02582442573114699,0.019813924432510236,0.013438076946971862,0.00990954106521061,0.006498985541315405,0.006440105672235557,0.0030681155943222587,0.002711035110774048,0.001946146733998754,0.0015853404177027914,0.0013608165738185267,8.363994829911843E-4,1.7167016907176423E-4],
			[0.35074721838356737,0.17795053204773345,0.07587437073285774,0.06102098412728908,0.05690652488665296,0.045244854346058794,0.0448596965710941,0.039195287984283005,0.028658407073483674,0.025937540374909952,0.02582442573114698,0.019813924432510246,0.013438076946971885,0.009909541065210616,0.006498985541315398,0.006440105672235543,0.0030681155943222717,0.0027110351107740467,0.0019461467339987346,0.0015853404177027738,0.0013608165738185382,8.363994829911691E-4,1.7167016907177323E-4],
			[0.3724489501429872,0.17142199175918063,0.07310340671916653,0.061020964621677665,0.0569062669773739,0.04488356340173589,0.044144281018789706,0.039868270336410536,0.028657808518042924,0.025935815940412776,0.02387374827354528,0.016222159513735075,0.01145469587544648,0.008380579042568899,0.006308613478213301,0.004991001431549469,0.003026773972743945,0.002967283160161936,0.001841048064179747,0.0011490321397137316,0.0010948827887735616,1.9777566462996326E-4,1.010871589607959E-4]
		],
		"kpca":[]
	},
	"Cubic":
	{
		"pca":[
			[0.24760012846282145,0.18501144050192805,0.08384577086783523,0.07275781586871641,0.06087616777132621,0.057480376329164536,0.05043801542518771,0.043426363475127884,0.04321209760934368,0.029658069559142988,0.02645736118062112,0.021959350568947992,0.020387792810876663,0.01622441549716927,0.010068851493823978,0.009269915246545255,0.0075656929172259685,0.004781139374987725,0.00406085275645209,0.002980032731387461,0.0016262267105304144,2.074149205569844E-4,1.0470792028086517E-4],
			[0.27253825089681694,0.1751459024567211,0.09834108443159133,0.06260098044207235,0.05974547391875996,0.05658306638506836,0.04499321968006978,0.044335731210582055,0.04044122130331294,0.028865698979737613,0.02614886760462096,0.025691477497913156,0.019442003017185506,0.013066962443119872,0.00818876444730889,0.006979299406038134,0.006271963997456692,0.004274697442699004,0.0029907904393898,0.0016257602729881798,0.0011874864224924253,3.578596791057427E-4,1.8343762494954564E-4],
			[0.27590085843167134,0.16828480487872563,0.12058610844167324,0.061374784971786285,0.056958746180677866,0.05515992447334642,0.044966922783917944,0.043712534820970685,0.03765910584434191,0.02892003752629632,0.026018884190209285,0.024873302277314647,0.013995879371553804,0.009629766167384108,0.007806550177287606,0.007683619113364273,0.006275963865046943,0.0036846113820346955,0.0029829270519720528,0.0019799582585716363,0.0012597685916383226,1.9120654644422206E-4,9.373465377074484E-5],
			[0.27590085843167167,0.16828480487872557,0.12058610844167329,0.06137478497178632,0.05695874618067783,0.05515992447334648,0.044966922783917895,0.04371253482097066,0.03765910584434188,0.02892003752629631,0.026018884190209292,0.024873302277314685,0.0139958793715538,0.009629766167384111,0.007806550177287605,0.007683619113364263,0.006275963865046921,0.0036846113820346786,0.002982927051972073,0.001979958258571653,0.001259768591638322,1.9120654644422326E-4,9.373465377073912E-5],
			[0.3111300341305388,0.1697328700486806,0.09460985261006415,0.062193837596589835,0.05692423486909018,0.054279490882986094,0.044891320814011,0.04341188939011183,0.03661975318837103,0.028656997270376218,0.02600284106992867,0.015270519528282421,0.014797930384726037,0.009154006436637973,0.007151014163193946,0.0058090219010356915,0.005382327195070598,0.004697705164135942,0.0037411952609370277,0.0025297031658492865,0.0015932529710666334,0.0012271199769569713,1.9308198135871923E-4]
		],
		"kpca":[]
	},
	"Logarithmic":
	{
		"pca":[
			[0.3183086200616478,0.1873046473147452,0.09221976771445141,0.08456341115144236,0.06385357144936885,0.04863459376930286,0.044884714445325685,0.04032110665803442,0.03249702993593418,0.031118812740764373,0.01469880643653,0.012970325164668573,0.010108904517450092,0.008061709376677894,0.005112283248755065,0.0031224165102383726,0.0017792976426769954,2.9690550410905683E-4,6.684631573946737E-5,2.783471171462714E-5,2.178797852828686E-5,1.5440702844660847E-5,1.116664904953351E-5],
			[0.2616693513500962,0.17646738880111454,0.12346583662264511,0.09732317732111656,0.0715014143756145,0.05975118837842309,0.044653311439651094,0.04311765425088407,0.03856742254389173,0.030879609944462143,0.016002464120003487,0.01085307095577798,0.008244777372750964,0.006931053327278286,0.005046647182451559,0.0032637825714890564,0.0018222521062778933,2.0230294347344844E-4,9.143883241841228E-5,9.084570292050003E-5,2.7419592313829013E-5,2.096835627572216E-5,6.621908670081914E-6],
			[0.3351791531445852,0.18284175110711054,0.08195176679759061,0.07331238198434874,0.06375457048871425,0.05068502087837367,0.04929633416091245,0.04153838451367719,0.03716424490883501,0.02932937387478698,0.017040319691158,0.011810767141359198,0.008104717542798132,0.007130653209779691,0.004953502536501673,0.003639626913682452,0.0017420014381366985,2.0418915707256925E-4,1.4587892195903844E-4,8.195862455894466E-5,3.7547530870740046E-5,3.5209982164098736E-5,2.06454510242093E-5],
			[0.33989619847131974,0.1797059807208998,0.09324820948720484,0.0754528561118486,0.06423202204973398,0.04605368400372583,0.04530574029714654,0.03896455748657015,0.03691605600886042,0.027886495190317388,0.014151904252670145,0.011659027267098622,0.009116001173682343,0.006892544857602156,0.004798194560197923,0.003479159946045908,0.0018115372981584693,1.999102324084269E-4,8.518598493147184E-5,5.4304259217676336E-5,5.193147233234224E-5,3.253269217436604E-5,5.966175852790161E-6],
			[0.36767871577067396,0.16957917543062112,0.07764707018839598,0.06804797377809248,0.059295033063421834,0.053247802484997844,0.04580087169112896,0.0414387569743911,0.036182599275967044,0.02882693184499471,0.01500102795699378,0.011231522098117381,0.008530531369664621,0.007242500289309411,0.004854849853293771,0.003097429015343319,0.001729174614753974,2.022455032140796E-4,1.6318842461189524E-4,1.2099990281283869E-4,4.7638876673654807E-5,3.11202015891951E-5,2.841390936775826E-6]
		],
		"kpca":[]
	},
	"Exponential":
	{
		"pca":[
			[0.20916898957625638,0.16402266084607964,0.08690615985284164,0.07372493499972824,0.06329086340782303,0.057004801119528326,0.045303796280083804,0.04350164971457713,0.043470968722393574,0.04320994590515879,0.037522354957257545,0.035321312363754805,0.02845948369417773,0.020772850631692565,0.013858747559403558,0.010200359822683322,0.008040658923349998,0.006575681356459503,0.004738091947420025,0.0030207413664534552,0.0016452181213614744,1.9777295136104287E-4,4.1955880154494135E-5],
			[0.20936106460645915,0.20122509091119573,0.16383339479869602,0.06330089081747585,0.061020956508007096,0.056905703032799154,0.04487636104028995,0.04297983972168601,0.037523001266781056,0.028657737282886345,0.02593583139022757,0.015864398912552764,0.013938171162789743,0.010213659268997088,0.008060087528031388,0.006596851922142482,0.00473981029799311,0.0030223145940527236,0.001645920150440844,1.9784336130443145E-4,1.010713820502732E-4,4.314117145453902E-11,2.7566960201309223E-18],
			[0.20903135155435482,0.16483239090168228,0.15800384315259808,0.06330262003665109,0.061020958572429736,0.056905706195795616,0.04487831281156192,0.044040620361017656,0.04292290022358132,0.03751785303777783,0.028657726573048926,0.025935816366227493,0.014538590106085932,0.013936567262454305,0.010213299147322061,0.00805988842750137,0.006596769254559399,0.004738842938548128,0.0030222313652017905,0.0016458870109657938,1.9782470063450423E-4,9.707139609745597E-18,4.65464304180657E-18],
			[0.20903135155435476,0.1648323909016821,0.158003843152598,0.06330262003665107,0.06102095857242966,0.05690570619579565,0.044878312811561884,0.04404062036101762,0.042922900223581306,0.037517853037777854,0.028657726573048953,0.025935816366227445,0.014538590106085911,0.013936567262454307,0.010213299147322046,0.00805988842750136,0.006596769254559426,0.004738842938548154,0.0030222313652018052,0.0016458870109657998,1.978247006345512E-4,1.3631637418803717E-17,7.399703451097651E-18],
			[0.20935877514371112,0.20139605473014277,0.16383921435097062,0.06330090796616909,0.061020956460678254,0.05690570333065762,0.0448763609120171,0.04297983935122016,0.03752305868388291,0.028657737422070863,0.025935831521774227,0.015790194702794594,0.013938085741568655,0.010213681165200597,0.008060034082568994,0.006596851555011654,0.0047397819094426,0.003022314062936456,0.001645917896023119,1.9783635489005238E-4,8.626562684175494E-7,4.516260997470688E-18,1.4506554134899799E-18]
		],
		"kpca":[]
	},
	"Tenth":
	{
		"pca":[
			[0.20905582046049193,0.16401852058445215,0.07236220832140074,0.06343455329047766,0.0610209653559095,0.05690651506633545,0.0449059246337091,0.04388789355978092,0.04345204733630208,0.042978859448697976,0.04261363651959689,0.037280870926184546,0.02865731988413296,0.025935760662196893,0.01512824445983583,0.013925553634729249,0.010189966687071977,0.008046188579694684,0.006596841782222105,0.004738667720619934,0.0030201443143450662,0.0016457684932835906,1.977282785288495E-4],
			[0.20908767619204197,0.16416254522177579,0.13379581735449497,0.0827799322870738,0.06328000872347762,0.0610209347160294,0.05690567487507083,0.04487630422871083,0.0429753828702481,0.037506927025278816,0.02865773669510265,0.025935791055205226,0.01393571738898826,0.010208879958015508,0.008062122829754806,0.006598478166957102,0.004740985454213,0.0030224048346751517,0.0016456881073445865,3.6589981204727067E-4,2.3769699815527105E-4,1.973352348992754E-4,5.99704398016955E-8],
			[0.20922372162519765,0.16415686111996333,0.10971824269839119,0.06346060397371521,0.06102098455501426,0.0569062933562622,0.05237772906629538,0.044876489375816155,0.042990868757280386,0.037438619362174505,0.036794731626182166,0.02865765251367538,0.02593579377636733,0.014730563403087983,0.013926894864010464,0.010203921185122648,0.008040316849380738,0.006585450506110509,0.004729107710924964,0.0033632344685462475,0.003019180322098883,0.0016450647268870706,1.976741574954617E-4],
			[0.20914169034125893,0.17547205692343754,0.16344217106123302,0.06330912204398635,0.061020974487635146,0.056905682029478544,0.04487680885456732,0.043072285130518584,0.042179788188724594,0.037445455862681394,0.028657737181836965,0.025935789189190026,0.013935262166921184,0.010208228073628959,0.008062045169519645,0.0065984797357189285,0.00473969182247615,0.0030223478303456407,0.0016456547462484576,1.979021163832945E-4,1.2215815736262006E-4,8.095230997711014E-6,5.736558489807456E-7],
			[0.209226495184903,0.16521896828758786,0.15624203329031897,0.06331934839440091,0.061020967806436885,0.05690572243804081,0.044876498523464606,0.042993407068028865,0.038079797368992044,0.03697092137930245,0.028657812456912887,0.02593580870639498,0.022047616167547607,0.0139348864612471,0.010208677454806697,0.008061407680649812,0.006585451900398113,0.004740237602931445,0.0030193395735052036,0.0016452307901682925,1.97971512222105E-4,1.1006937759778165E-4,1.3305741417192162E-6]

		]
	},
	"Hundredth":
	{
		"pca":[
			[0.20899841602089558,0.16403671271305556,0.07671739875122231,0.0633102607064823,0.061020956345845576,0.0569057601452316,0.044877554279411126,0.04360114811976911,0.04347771299177253,0.04347236533255072,0.04286595096317925,0.037497789326861916,0.028657642547256668,0.025935789757854457,0.01393738813560727,0.010258021973761617,0.01017246418161416,0.00805718607740565,0.006595532221294303,0.004738327266197805,0.0030219805351086224,0.0016458284453969294,1.9781316222493522E-4],
			[0.20934182691649322,0.2004930357759232,0.16383528361773747,0.06330113778551295,0.0610209563000221,0.05690570842471367,0.04487636107285946,0.04297983857855874,0.03752304247453939,0.028657740456262074,0.025935834128456677,0.01632060353316282,0.013938493920074008,0.010213840112484983,0.00806058714681735,0.006596321465206611,0.004740091003664638,0.0030222157807817075,0.0016459193975972364,3.933616720042658E-4,1.978004371275394E-4,1.1801832889016209E-17,2.69194848059716E-18],
			[0.24033319270107273,0.1886373624715536,0.09996740011836812,0.07279543112838421,0.07017409300124221,0.06544150532165154,0.05160781223820008,0.04942670436273794,0.0431506454263068,0.032956397571047076,0.029826168903490633,0.01602942390492943,0.011746001981425164,0.009271651778199668,0.0075881884243172515,0.005451845974504998,0.0034758429162716317,0.0018928136646111907,2.275181116857924E-4,3.066586833366977E-19,0.0,0.0,0.0],
			[0.21850105951589027,0.17149005793611016,0.09102706605327357,0.07807673901006561,0.06617574159341152,0.06379460965217508,0.059492317713127935,0.04691611163355047,0.04493043161611931,0.03922651387189854,0.029960356182855537,0.027114706931192115,0.014573973251746548,0.012677066063205619,0.010677860973903453,0.008427812594342571,0.006895485732282459,0.004955145883041205,0.003159444451046737,0.0017206766311295696,2.068226474076527E-4,6.22238660294185E-11,2.9388090663330004E-26],
			[0.21849462797039856,0.17146999696048987,0.09128905676418851,0.06618802835386556,0.06379465472661344,0.059492415456189364,0.04697235627495606,0.04691613902949585,0.044931590237562415,0.04356195195548518,0.039198085323186416,0.02996026961220636,0.027114687268263753,0.01457033778807761,0.010677527474577822,0.008428477044662371,0.006897697366464381,0.004954989320750931,0.0031596190222617708,0.001720677458864018,2.0681145657031473E-4,3.134869325788211E-9,2.802660656760451E-25]
		]
	},
	"sin":
	{
		"pca":[
			[0.28749215554102486,0.19287818535398846,0.10735662948680212,0.07507436223055934,0.06275065050281564,0.06102062988670528,0.052355188242610484,0.04325868408853747,0.03721685238520835,0.025935818523131086,0.014629928927120395,0.012825041661942524,0.00895821317121832,0.007919601205392408,0.004893401505703693,0.003160628407595355,0.002073000201824674,2.0093142400632227E-4,4.934359026272898E-8,3.387468040613286E-8,6.377091354579432E-9,4.685859790610923E-9,2.9725915162639177E-9],
			[0.2773102209920298,0.1886391366029286,0.12237349152574517,0.07981991851525252,0.061905999461722816,0.052582440090589155,0.04962826270127606,0.04548734056059967,0.03540684243916109,0.03357682247943036,0.016284450349464345,0.010633163424330572,0.009387555510638444,0.006640562605510755,0.005265588314405746,0.003057679164991677,0.0017502501003072068,2.5018672493363266E-4,6.812640028250678E-8,8.956719012011602E-9,6.702441571910414E-9,3.5313184570695856E-9,1.1198034537291857E-9],
			[0.3220103292601866,0.1931916651837568,0.10431545151420893,0.06442863057535607,0.06233249423967537,0.05078329344477418,0.045860034761870526,0.04214300754614405,0.03247929070451583,0.02768685498384492,0.015591002136950208,0.012119642732503516,0.009603200859385385,0.006760890819230213,0.0052642226208095355,0.0034427951938538794,0.0017270220459638594,2.6002560258148253E-4,9.188048642235282E-8,2.946726576276914E-8,1.1196761077523504E-8,7.784132751220004E-9,5.4457426204494436E-9],
			[0.3200703589511674,0.1717582173098865,0.10648632214649142,0.07518565607155672,0.06182822256686462,0.057975938758258946,0.04511061822149409,0.04308383905460862,0.03725160992536434,0.028709640089652096,0.014923329458268785,0.011813003231513597,0.008368731408671342,0.006831300453566451,0.00506491560153556,0.0035676621036665763,0.0017662957968644028,2.041961008257633E-4,6.701602530214263E-8,2.5191824358262768E-8,2.347713321222537E-8,1.742634617444384E-8,9.638413724618327E-9],
			[0.3642505584303203,0.17720287134661894,0.0782664025069299,0.07080636706687822,0.05935043449859106,0.0520830826173973,0.04652962873352413,0.03884290368944072,0.03222523076671624,0.027651944900683654,0.01555475628783106,0.011380606097110274,0.008543926857032556,0.00688224211466956,0.0048352713415143545,0.003524599573302669,0.0018653644530363602,2.0367135892192869E-4,6.027850731480055E-8,2.9645016961732862E-8,2.6723410132909388E-8,1.3630631799180457E-8,7.081914349501953E-9]
		]
	},
	"mix":
	{
		"pca":[
			[0.26026135384024757,0.1978432501246611,0.06973677120453638,0.0639746772740671,0.056906626585716054,0.04677884899222765,0.04486580606437295,0.04349707008180398,0.04329072349015503,0.03998708989786744,0.028657925579015673,0.02776589816239492,0.024409306865114964,0.014038295293203315,0.010672909859099777,0.00871258105290234,0.007044694888314569,0.004882340474080603,0.004045974347434765,0.0017010326598599545,6.785272281453759E-4,2.482940510469707E-4,1.9837314565982702E-9],
			[0.22771120525292884,0.16616431488540667,0.07067005731515687,0.06719746035719011,0.05695017992378014,0.0496737853487953,0.04555325536536471,0.044495097847357244,0.04347497657958878,0.04128422294005637,0.03742645038937694,0.029097662267071705,0.02827996128071873,0.024339014601955023,0.02333656334145759,0.013586793257091426,0.008110421577961125,0.007533373275355279,0.006358573660545722,0.004008508804385589,0.0029710235266997916,0.0015818061206534502,1.952920811023398E-4],
			[0.20903252253928414,0.1647588458721678,0.15655677421648148,0.06330263890567493,0.06102095808851668,0.05690570964733786,0.04487764396889709,0.043575416201320556,0.042881326879331924,0.037517257895030506,0.028657725505830275,0.02593582264847874,0.015515032109653446,0.013938061945637197,0.010213319320628238,0.008060241178708813,0.006596838678719308,0.004739146578906085,0.003022228341498356,0.001646126150668422,0.0010484972248476165,1.978149753561335E-4,5.112702447031752E-8],
			[0.21289618815690933,0.16537737407075423,0.08884154440293543,0.06405350916535665,0.06112673594726158,0.05703784213634677,0.04591304698269277,0.04543052293836576,0.043487577471287064,0.04190905127729347,0.03628138909344643,0.035378255737149686,0.02852693332626015,0.025913196480693425,0.01344418595626751,0.010160024937355667,0.008029462617664749,0.006587868186143115,0.004733110250233803,0.003018252060376109,0.0016394860643829258,1.9777251699320614E-4,1.6670223830048217E-5],
			[0.20900153809248587,0.16404025026441754,0.08693435251678448,0.0764808400414511,0.06329653730125631,0.06102094133150306,0.056905738536466355,0.04487629811714593,0.04351092005868954,0.04294410941511726,0.03751524629486666,0.02865772650889182,0.02593580216554036,0.013937780796226974,0.010459803563881468,0.010206871480753709,0.008057676658874661,0.006596220903658812,0.004738821717601906,0.0030221221986949146,0.001645849191994923,1.978239050478246E-4,1.6728938648562556E-5]
		]
	}
}